Semana1;Semana del 21 de octubre al 27 de octubre
Lunes;1;306;1;412;2;112;3;TIC1;3;TIC2;5;206;5;117;6;303;7;223;7;405;7;203
Martes;1;106;1;212;1;312;3;MUSICA;3;104;5;123;5;305;6;506;6;506;7;603;7;225
Miécoles;7;106;7;212;7;312;6;MUSICA;6;104;3;123;3;305;2;506;2;506;1;603;1;225
Jueves;3;306;3;412;1;112;3;TIC1;4;TIC2;7;206;7;117;5;303;5;223;6;405;6;203
Viernes;2;106;2;212;1;312;1;MUSICA;5;104;5;123;7;305;7;506;6;506;6;603;2;225
Semana2;Semana del 28 de octubre al 03 de noviembre
Lunes;1;106;1;212;1;312;3;MUSICA;3;104;5;123;5;305;6;506;6;506;7;603;7;225
Martes;1;306;1;412;2;112;3;TIC1;3;TIC2;5;206;5;117;6;303;7;223;7;405;7;203
Miércoles;3;306;3;412;1;112;3;TIC1;4;TIC2;7;206;7;117;5;303;5;223;6;405;6;203
Jueves;2;106;2;212;1;312;1;MUSICA;5;104;5;123;7;305;7;506;6;506;6;603;2;225
Viernes;7;106;7;212;7;312;6;MUSICA;6;104;3;123;3;305;2;506;2;506;1;603;1;225
Semana3;Semana del 04 de noviembre al 10 de noviembre
Lunes;1;306;1;412;2;112;3;TIC1;3;TIC2;5;206;5;117;6;303;7;223;7;405;7;203
Martes;1;106;1;212;1;312;3;MUSICA;3;104;5;123;5;305;6;506;6;506;7;603;7;225
Miécoles;7;106;7;212;7;312;6;MUSICA;6;104;3;123;3;305;2;506;2;506;1;603;1;225
Jueves;3;306;3;412;1;112;3;TIC1;4;TIC2;7;206;7;117;5;303;5;223;6;405;6;203
Viernes;2;106;2;212;1;312;1;MUSICA;5;104;5;123;7;305;7;506;6;506;6;603;2;225
Semana4;Semana del 11 de noviembre al 17 de noviembre
Lunes;1;106;1;212;1;312;3;MUSICA;3;104;5;123;5;305;6;506;6;506;7;603;7;225
Martes;1;306;1;412;2;112;3;TIC1;3;TIC2;5;206;5;117;6;303;7;223;7;405;7;203
Miércoles;3;306;3;412;1;112;3;TIC1;4;TIC2;7;206;7;117;5;303;5;223;6;405;6;203
Jueves;2;106;2;212;1;312;1;MUSICA;5;104;5;123;7;305;7;506;6;506;6;603;2;225
Viernes;7;106;7;212;7;312;6;MUSICA;6;104;3;123;3;305;2;506;2;506;1;603;1;225
